====================================================================================================
STEADY STATE: mean nonRefundableStorageFee (MIST burned) per op

--- place_top ---
depth            A           B         C16        C16u         D32         D64        D64u
    0      162,919     174,623     174,623     174,623     174,623     174,623     174,623
    5      191,976     238,564     209,760     209,760     209,760     209,760     209,760
   10      244,061     286,444     251,560     251,560     251,560     251,560     251,560
   15      263,416     350,689     293,360     293,360     293,360     293,360     293,360
   20      299,136     315,324     315,805     299,440     335,160     335,160     335,160
   30      370,576     344,204     311,600     311,600     418,760     418,760     418,760
   45      477,736     354,084     329,840     329,840     422,712     544,160     544,160
   60      584,896     363,964     348,080     364,445     426,664     669,560     669,560
  100      864,576     400,444     384,560     384,560     506,819     491,720     491,720
  150    1,191,452     417,164     384,560     384,560     498,864     598,880     615,245
  300    2,171,852     400,444     400,925     384,560     477,432     670,320     670,320

--- cancel_top ---
depth            A           B         C16        C16u         D32         D64        D64u
    0      163,400     200,260     176,320     176,320     176,320     176,320     176,320
    5      199,120     248,140     218,120     218,120     218,120     218,120     218,120
   10      234,840     296,020     259,920     259,920     259,920     259,920     259,920
   15      270,560     343,900     301,720     301,720     301,720     301,720     301,720
   20      306,280     324,900     307,800     307,800     343,520     343,520     343,520
   30      377,720     353,780     319,960     319,960     427,120     427,120     427,120
   45      484,880     363,660     338,200     338,200     431,072     552,520     552,520
   60      592,040     373,540     356,440     356,440     435,024     677,920     677,920
  100      871,720     410,020     392,920     392,920     392,920     500,080     500,080
  150    1,198,596     426,740     392,920     392,920     507,224     607,240     607,240
  300    2,178,996     410,020     392,920     392,920     485,792     678,680     678,680

--- place_28 ---
depth            A           B         C16        C16u         D32         D64        D64u
    0      156,256     167,960     167,960     167,960     167,960     167,960     167,960
    5      191,976     238,564     209,760     209,760     209,760     209,760     209,760
   10      227,696     286,444     251,560     251,560     251,560     251,560     251,560
   15      263,416     334,324     293,360     293,360     293,360     293,360     293,360
   20      299,136     281,884     363,964     363,964     335,160     335,160     335,160
   30      370,576     294,044     459,724     459,724     418,760     418,760     418,760
   45      477,736     312,284     469,604     469,604     520,676     544,160     544,160
   60      584,896     330,524     437,684     437,684     532,988     669,560     669,560
  100      864,576     367,004     474,164     474,164     474,164     516,268     491,720
  150    1,191,452     367,004     532,684     532,684     498,864     598,880     598,880
  300    2,171,852     367,004     474,164     474,164     684,418     670,320     670,320

--- cancel_28 ---
depth            A           B         C16        C16u         D32         D64        D64u
    0      163,400     200,260     176,320     176,320     176,320     176,320     176,320
    5      199,120     248,140     242,060     242,060     242,060     242,060     242,060
   10      234,840     296,020     283,860     283,860     283,860     283,860     283,860
   15      270,560     343,900     325,660     325,660     325,660     325,660     325,660
   20      306,280     291,460     373,540     373,540     367,460     367,460     367,460
   30      377,720     303,620     469,300     469,300     427,120     427,120     427,120
   45      484,880     321,860     479,180     479,180     530,252     552,520     552,520
   60      592,040     340,100     447,260     447,260     542,564     677,920     677,920
  100      871,720     376,580     483,740     483,740     483,740     500,080     500,080
  150    1,198,596     376,580     542,260     542,260     507,224     607,240     607,240
  300    2,178,996     376,580     483,740     483,740     576,612     678,680     678,680

--- modify_down ---
depth            A           B         C16        C16u         D32         D64        D64u
    0            -           -           -           -           -           -           -
    5      159,828     148,048     174,572     174,572     174,572     174,572     174,572
   10      192,508     189,848     210,292     210,292     210,292     210,292     210,292
   15      225,188     231,648     246,012     246,012     246,012     246,012     246,012
   20      257,868     173,128     148,048     148,048     281,732     281,732     281,732
   30      323,228     173,128     231,648     231,648     353,172     353,172     353,172
   45      421,268     173,128     223,288     223,288     338,884     460,332     460,332
   60      519,308     173,128     214,928     214,928     189,848     567,492     567,492
  100      780,748     173,128     214,928     214,928     214,928     353,172     353,172
  150    1,107,624     173,128     231,648     231,648     360,316     460,332     460,332
  300    2,088,024     173,128     214,928     214,928     338,884     531,772     531,772

--- cancel_resting ---
depth            A           B         C16        C16u         D32         D64        D64u
    0            -           -           -           -           -           -           -
    5      191,976     238,564     209,760     209,760     209,760     209,760     209,760
   10      227,696     286,444     251,560     251,560     251,560     251,560     251,560
   15      263,416     334,324     293,360     293,360     293,360     293,360     293,360
   20      299,136     426,664     363,964     363,964     335,160     335,160     335,160
   30      370,576     407,208     459,724     459,724     418,760     418,760     418,760
   45      477,736     518,700     469,604     469,604     422,712     544,160     544,160
   60      584,896     540,588     479,484     479,484     532,988     669,560     669,560
  100      864,576     586,188     515,964     515,964     515,964     491,720     491,720
  150    1,173,212     560,652     496,204     496,204     462,384     562,400     562,400
  300    2,135,372     558,828     443,004     443,004     404,472     597,360     597,360

--- taker_1 ---
depth            A           B         C16        C16u         D32         D64        D64u
    0            -           -           -           -           -           -           -
    5      270,180     316,768     311,904     231,724     311,904     311,904     280,820
   10      305,900     364,648     322,620     322,620     322,620     322,620     322,620
   15      341,620     412,528     364,420     364,420     364,420     364,420     364,420
   20      377,340     368,448     377,644     377,644     406,220     406,220     406,220
   30      448,780     422,408     389,804     389,804     496,964     496,964     496,964
   45      555,940     432,288     408,044     408,044     493,772     622,364     622,364
   60      663,100     442,168     426,284     426,284     504,868     747,764     747,764
  100      894,140     381,368     365,484     365,484     365,484     472,644     472,644
  150    1,251,416     458,888     426,284     426,284     540,588     640,604     640,604
  300    2,213,576     405,688     389,804     389,804     475,532     675,564     675,564

--- taker_10 ---
depth            A           B         C16        C16u         D32         D64        D64u
    0            -           -           -           -           -           -           -
    5            -           -           -           -           -           -           -
   10      365,332     424,080     413,136     413,136     413,136     413,136     413,136
   15      401,052     471,960     454,936     423,852     454,936     454,936     423,852
   20      436,772     564,300     501,600     437,076     465,652     465,652     465,652
   30      508,212     660,060     597,360     449,236     556,396     556,396     556,396
   45      615,372     673,588     810,008     467,476     553,204     681,796     681,796
   60      722,532     687,116     823,536     485,716     564,300     807,196     807,196
  100      953,572     635,436     771,856     424,916     771,856     532,076     532,076
  150    1,310,848     723,900     633,840     485,716     600,020     700,036     700,036
  300    2,273,008     705,356     841,776     449,236     534,964     734,996     734,996

--- taker_30 ---
depth            A           B         C16        C16u         D32         D64        D64u
    0            -           -           -           -           -           -           -
    5            -           -           -           -           -           -           -
   10            -           -           -           -           -           -           -
   15            -           -           -           -           -           -           -
   20            -           -           -           -           -           -           -
   30      508,212     684,608     645,468     597,360     556,396     556,396     556,396
   45      615,372     877,344     838,204     810,008     770,868     681,796     681,796
   60      722,532     980,476   1,006,392     913,140     964,820     807,196     807,196
  100    1,007,076   1,037,020   1,062,936     969,684   1,110,968   1,171,160     640,300
  150    1,310,848     927,656   1,067,724     860,320     970,976     700,036     700,036
  300    2,273,008     998,716   1,024,632     931,380   1,071,448     734,996     734,996

====================================================================================================
STEADY STATE: mean computationCost per op (buckets of ~3%)

--- place_top ---
depth            A           B         C16        C16u         D32         D64        D64u
    0    1,713,333   1,760,000   1,753,333   1,753,333   1,753,333   1,753,333   1,753,333
    5    1,720,000   1,760,000   1,760,000   1,760,000   1,760,000   1,760,000   1,760,000
   10    1,720,000   1,760,000   1,760,000   1,760,000   1,760,000   1,760,000   1,760,000
   15    1,720,000   1,760,000   1,760,000   1,760,000   1,760,000   1,760,000   1,760,000
   20    1,720,000   1,760,000   1,760,000   1,760,000   1,760,000   1,760,000   1,760,000
   30    1,730,000   1,770,000   1,760,000   1,760,000   1,770,000   1,770,000   1,770,000
   45    1,730,000   1,770,000   1,770,000   1,770,000   1,770,000   1,770,000   1,770,000
   60    1,740,000   1,770,000   1,770,000   1,770,000   1,770,000   1,780,000   1,780,000
  100    1,750,000   1,780,000   1,770,000   1,770,000   1,836,667   1,780,000   1,780,000
  150    1,760,000   1,780,000   1,770,000   1,770,000   1,780,000   1,780,000   1,780,000
  300    1,790,000   1,780,000   1,770,000   1,770,000   1,780,000   1,780,000   1,780,000

--- taker_1 ---
depth            A           B         C16        C16u         D32         D64        D64u
    0            -           -           -           -           -           -           -
    5    1,750,000   1,790,000   1,790,000   1,790,000   1,790,000   1,800,000   1,790,000
   10    1,750,000   1,800,000   1,790,000   1,790,000   1,790,000   1,790,000   1,790,000
   15    1,760,000   1,800,000   1,790,000   1,790,000   1,790,000   1,790,000   1,790,000
   20    1,760,000   1,800,000   1,790,000   1,790,000   1,790,000   1,790,000   1,790,000
   30    1,770,000   1,800,000   1,790,000   1,790,000   1,800,000   1,800,000   1,800,000
   45    1,780,000   1,810,000   1,800,000   1,800,000   1,800,000   1,800,000   1,800,000
   60    1,790,000   1,810,000   1,800,000   1,800,000   1,800,000   1,810,000   1,810,000
  100    1,810,000   1,800,000   1,790,000   1,790,000   1,790,000   1,790,000   1,790,000
  150    1,850,000   1,810,000   1,800,000   1,800,000   1,800,000   1,800,000   1,810,000
  300    1,960,000   1,800,000   1,790,000   1,790,000   1,800,000   1,800,000   1,800,000

--- taker_30 ---
depth            A           B         C16        C16u         D32         D64        D64u
    0            -           -           -           -           -           -           -
    5            -           -           -           -           -           -           -
   10            -           -           -           -           -           -           -
   15            -           -           -           -           -           -           -
   20            -           -           -           -           -           -           -
   30    2,980,000   3,180,000   2,840,000   2,760,000   2,560,000   2,560,000   2,560,000
   45    3,400,000   3,430,000   3,300,000   3,030,000   2,980,000   2,690,000   2,690,000
   60    4,680,000   3,630,000   3,540,000   3,170,000   3,310,000   2,820,000   2,820,000
  100    8,750,000   4,670,000   4,520,000   3,580,000   3,840,000   4,550,000   3,150,000
  150   11,900,000   3,720,000   3,660,000   3,170,000   3,200,000   2,810,000   2,810,000
  300   82,900,000   3,450,000   3,390,000   2,980,000   3,140,000   2,570,000   2,570,000

====================================================================================================
CONSTRUCTION: marginal burned fee at selected depths (per placement)
depth            A           B         C16        C16u         D32         D64        D64u
    5      191,976     238,564     209,760     209,760     209,760     209,760     209,760
   10      227,696     286,444     251,560     251,560     251,560     251,560     251,560
   15      263,416     334,324     293,360     293,360     293,360     293,360     293,360
   20      299,136     315,324     299,440     299,440     335,160     335,160     335,160
   30      370,576     344,204     311,600     311,600     418,760     418,760     418,760
   45      477,736     354,084     329,840     329,840     422,712     544,160     544,160
   60      584,896     363,964     348,080     348,080     426,664     669,560     669,560
  100      815,936     303,164     287,280     287,280     654,056     394,440     394,440
  150    1,173,212     380,684     348,080     348,080     462,384     562,400     562,400
  200    1,475,692     500,232     299,440     299,440     406,600     620,920     620,920
  250    1,832,892     359,404     360,240     360,240     460,256     538,840     538,840
  299    2,128,228     317,908     303,240     303,240     396,112     589,000     589,000

CONSTRUCTION: cumulative burned fee to depth 300
  A        347,629,928 (300 placements)
  B        107,982,472 (300 placements)
  C16      106,507,692 (300 placements)
  C16u     106,507,692 (300 placements)
  D32      118,839,528 (300 placements)
  D64      159,968,448 (300 placements)
  D64u     159,968,448 (300 placements)

MIGRATION CLIFF (construction max marginal burn)
  A     max  2,128,228 at depth 299
  B     max    592,648 at depth 264
  C16   max    691,752 at depth 256
  C16u  max    691,752 at depth 256
  D32   max    784,776 at depth 168
  D64   max    991,040 at depth 239
  D64u  max    991,040 at depth 239

====================================================================================================
VWATC: cost per executed trade = taker_1 + 5x(place_top+cancel_top), burned fee
depth            A           B         C16        C16u         D32         D64        D64u
    0            -           -           -           -           -           -           -
    5    2,225,660   2,750,288   2,451,304   2,371,124   2,451,304   2,451,304   2,420,220
   10    2,700,407   3,276,968   2,880,020   2,880,020   2,880,020   2,880,020   2,880,020
   15    3,011,500   3,885,475   3,339,820   3,339,820   3,339,820   3,339,820   3,339,820
   20    3,404,420   3,569,568   3,495,671   3,413,844   3,799,620   3,799,620   3,799,620
   30    4,190,260   3,912,328   3,547,604   3,547,604   4,726,364   4,726,364   4,726,364
   45    5,369,020   4,021,008   3,748,244   3,748,244   4,762,692   6,105,764   6,105,764
   60    6,547,780   4,129,688   3,948,884   4,030,711   4,813,308   7,485,164   7,485,164
  100    9,575,620   4,433,688   4,252,884   4,252,884   4,864,177   5,431,644   5,431,644
  150   13,201,656   4,678,408   4,313,684   4,313,684   5,571,028   6,671,204   6,753,031
  300   23,967,816   4,458,008   4,359,031   4,277,204   5,291,652   7,420,564   7,420,564

WEIGHTED COMPOSITES (burned fee per executed trade)
weighting                        A           B         C16        C16u         D32         D64        D64u
transaction-weighted     2,988,025   3,193,951   2,869,899   2,824,653   3,018,587   3,132,079   3,117,109
revenue-weighted        11,297,941   4,188,991   3,932,983   3,914,461   4,778,057   5,928,522   5,945,706
future-shifted          13,350,843   4,325,890   4,095,435   4,075,011   4,986,472   6,319,649   6,339,484

TOTAL TRADER COST (computation + burned fee) per executed trade,
with a 10% share of trades executing as 30-order sweeps:
depth              A             B           C16          C16u           D32           D64          D64u
    0              -             -             -             -             -             -             -
    5     21,075,660    22,040,288    21,741,304    21,661,124    21,741,304    21,751,304    21,710,220
   10     21,550,407    22,576,968    22,170,020    22,170,020    22,170,020    22,170,020    22,170,020
   15     21,871,500    23,185,475    22,629,820    22,629,820    22,629,820    22,629,820    22,629,820
   20     22,264,420    22,919,568    22,785,671    22,703,844    23,089,620    23,089,620    23,089,620
   30     23,237,203    23,476,548    22,968,170    22,955,360    24,208,307    24,208,307    24,208,307
   45     24,516,963    23,637,514    23,291,260    23,261,440    24,308,402    25,600,707    25,600,707
   60     25,882,723    23,775,519    23,580,895    23,616,396    24,410,303    27,102,107    27,102,107
  100     29,490,914    24,286,253    23,985,629    23,882,304    24,867,059    25,267,496    25,074,410
  150     33,562,599    24,426,285    23,963,828    23,894,088    25,254,067    26,278,147    26,368,974
  300     51,827,759    24,182,311    23,972,513    23,840,362    24,985,244    27,003,507    27,003,507

weighting                          A             B           C16          C16u           D32           D64          D64u
transaction-weighted      21,916,569    22,532,507    22,188,776    22,139,397    22,343,086    22,457,919    22,436,082
revenue-weighted          32,725,881    23,823,497    23,484,565    23,421,275    24,382,521    25,473,012    25,474,234
future-shifted            35,515,194    24,012,954    23,692,308    23,617,088    24,655,824    25,911,384    25,904,307

CEILING (A): [
 {
  "phase": "ceiling",
  "failed_at": 2970,
  "batch": 50,
  "err": "ptb error: Error executing transaction '3dRsbM1X9L4nohaq7E1yPtVANzB8nZyn2K6xVxEmr2j8': MoveObjectTooBig { object_size: 260039, max_object_size: 256000 }\n"
 },
 {
  "phase": "ceiling",
  "failed_single_at": 2973,
  "err": "ptb error: Error executing transaction 'DrzDCg4bLSKT25RnrNveG1Qprw65ik5pf1pSrq8o6EUd': MoveObjectTooBig { object_size: 256083, max_object_size: 256000 }\n"
 }
]
